3
8522
0
2325
bsdiff 0 180 067f08f9a789bf7e091cb983c5f2ca516bff12ad 11b513772ee4df8310e35e87d999ce5f982ad2ad 2,52439,52447 8 2,52439,52447
bsdiff 180 189 1a0d86f8f4416d15be38de82eec81ef659b290f7 fb6917a12794ce44bb5717249e366261c1ada417 2,42051,42055 4 2,42051,42055
bsdiff 369 190 7bd18b5058449af0feaa2892b3db5851544f5eb5 baaacbb1b027a5754ed3bf12c286dba3df95b917 2,62243,62255 12 2,62243,62255
bsdiff 559 187 945e9b73256441145d52e75893dc08182ebd618b 5ccad4872fe3e46090522cef069f6e2377a5d088 2,52398,52404 6 2,52398,52404
bsdiff 746 183 517cdf64c12aaa014ede18ddf66a0301224edfdf 38a68b0ed99e7470eb9412967beef8c133150ebc 2,53005,53031 26 2,53005,53031
bsdiff 929 184 4e6282860eef6993ccc3f47848674884973d3a4b 6dada4983b470794c69800f572294ca4ec4b56e9 2,42149,42153 4 2,42149,42153
bsdiff 1113 188 cfac57cb7f181139a7cc9ad154a89e8d77b734cf 279fe11c24975cdef9328418c811c80e61024054 2,55063,55073 10 2,55063,55073
bsdiff 1301 185 9970bfe5b3a310dc0af3623c71ca4764233cc18b 5cbd77cfdf856ae12d84fa8d07c75dc8e45795a2 2,52282,52289 7 2,52282,52289
bsdiff 1486 185 78e514b70ca77e27291365adfdce0c547806d755 a5f267010883a0592e5d7f320923a375ea399d25 2,52969,52975 6 2,52969,52975
bsdiff 1671 179 8c0de35f59005e8f991aaf3a622362656e6b050d 84970a0e1fc75d6cebbd0b73b5e08737752919ea 2,62439,62441 2 2,62439,62441
bsdiff 1850 186 eb996c6835eee8ff87967945c780c6fb165d742e c39a2959be2f78a6ffd1a4960a214e5db2550c2f 2,62447,62450 3 2,62447,62450
bsdiff 2036 187 51f991868add93ea220e60ec13937f269f4e19cb 76ac37f1628029b3909760991ef46f59b0fee22b 2,52561,52567 6 2,52561,52567
bsdiff 2223 188 07bed16b8959a5ebfeed949e572ea542da00817e 881d3ed018c5fa2e64ab5c4e703275dd1d3ab86a 2,42809,42821 12 2,42809,42821
bsdiff 2411 180 f8698ea28966bf55623a4041fd2a4313817fbab2 9e244b755a4849c21560e74bf7087cc9b2b176d5 2,42033,42038 5 2,42033,42038
bsdiff 2591 189 5b13ec9c940f6a0dde31eac3ae304b0a7e12ead1 26883058511ce9281e5aeef00ece673eaf0e1b77 2,38425,38453 28 2,38425,38453
bsdiff 2780 182 bc87d0d18997b3d19d8848d9c0c2f807e91ca7e2 0667186d20757c47ca09c11599eb358a7bfac730 2,62277,62279 2 2,62277,62279
bsdiff 2962 185 c47fc66e45c90f0d23557165ea26e660cdc32aa0 d43cc56d99e6d848c1290fe4d9c7efcd01d153f7 2,42698,42718 20 2,42698,42718
bsdiff 3147 189 43b5655de9aa6391dd9a1d20721ec1ab762859a2 49bd7b11f40b6fb331cdcdce27c74049f6772cca 2,42889,42909 20 2,42889,42909
bsdiff 3336 185 cff36d8c4886a48c807981e908a184884092172d ffed90528eb313c7dca35d0107dcdcb496a7df0e 2,52486,52496 10 2,52486,52496
bsdiff 3521 184 a1fe92d96ee413567a1ba3e0ccb369b81a0f76fe 8e8d7d396d4a2e3aaf28d584281a17f52c038af2 2,53116,53120 4 2,53116,53120
bsdiff 3705 178 958a12d446ad207d0ffef56054450dbf5620415d 2d6a36e5f55cae98eb921ce8967b672eb2428bdd 2,59814,59816 2 2,59814,59816
bsdiff 3883 185 59039785833097fb70bba0713b99cdc7a85a4b37 27ace4a196b41514e1febbaeabe046db3879af77 2,52999,53005 6 2,52999,53005
bsdiff 4068 186 fedca01a732fe40dc050e60273f5dd17b8fd624a 0b0aa2e3342e47a796b1ba97ad09e48877ef50dc 2,52745,52782 37 2,52745,52782
bsdiff 4254 178 0f4282fd9e6c6c5c7116be74b3da9dd4061f71de c84091d09f8b5c4791df2b7e07b0dc1689d32114 2,52536,52542 6 2,52536,52542
bsdiff 4432 186 090b14cf4c709caf2651f1d23c62d62529f3a467 9cb16c7f47073f9b88690d5971d21fb3253a26ff 2,51785,51844 59 2,51785,51844
bsdiff 4618 188 fbe3779401984e87b0e42be700a25ae83af10ded 57f1b69d2c67969abeb82e448a8bfedb54337f34 2,53049,53081 32 2,53049,53081
bsdiff 4806 186 847df0647614e1887882de5a792dae680510e6a3 2e00ee5716ab34c686b57cdcd98b3ba82775a1c9 2,42071,42076 5 2,42071,42076
bsdiff 4992 186 3c5a2ca8197001fbb35ed48b9db12245cb58556f df7e1b004edc3fd48d0037c15385da10e93aa1df 2,52368,52374 6 2,52368,52374
bsdiff 5178 184 c32fdb186977c5a0a398f0930a9d602de51a8746 638963c1ab06e4631823e53566c053a00256c397 2,52314,52320 6 2,52314,52320
bsdiff 5362 184 b75792805eb7702d16c04de23e895c4e090a9fda dbc5ecc0f0b466604f66a3550e3e913a8faf7594 2,52340,52347 7 2,52340,52347
bsdiff 5546 183 ada93dee09ae7fea9129393afde6c8cd8c4878fb 320e8e2b440f5026ea7c682796a1bad129166ec2 2,52363,52368 5 2,52363,52368
bsdiff 5729 183 b569f3490ab52b57e7bc031b560a82f30d3055dd 22cddf543a90400be3b9a8d5e61977674d57c060 2,62287,62292 5 2,62287,62292
bsdiff 5912 190 3320b6368abad903b29d0609864da4dccfbef17b 9fea942cfe1cc7abebf97272f22cc2be8d293cd6 2,52858,52869 11 2,52858,52869
bsdiff 6102 185 77fa746a095febccba6604a79d3e1ea6bd0e9251 24974c099a69b5c70e8a2cf068fd421bd63a84de 2,52302,52308 6 2,52302,52308
bsdiff 6287 188 09e0800c7f46bc7bbd86ca234982a8251d30806a 8023b2bd4ffdb76619f24b129c22f2ac33d7e969 2,51335,51340 5 2,51335,51340
bsdiff 6475 183 5e62795666f4521e4df6a421a5ecbff199251bdb 6162a1f370ca3e38620bce66620357c49a9c3975 2,62527,62540 13 2,62527,62540
bsdiff 6658 182 6d6bb50ddeb7818cc88dacfe279402e68436b4ef 41a978804c49aab1d20249ca4b4129d66a2414de 2,52426,52434 8 2,52426,52434
bsdiff 6840 188 3dd610f594cc33d3af880a6dedb00ca822cfcabf e036d611202c406dcfbc2766c2195d409daa2d72 2,42797,42809 12 2,42797,42809
bsdiff 7028 185 72c48d0beeff479086afb01f4040bc2b2458483b a609a84d023d552fadbcfc2206e454716e9e7829 2,52480,52486 6 2,52480,52486
bsdiff 7213 189 07589089e9e4929e41bceb00c6a29436de5dc7d3 3d8b0fba81654344c5b7525fe15920c333dbe961 2,42061,42066 5 2,42061,42066
bsdiff 7402 191 f3609096356b751ed653edebea4ffd93772c613b 40e37c11f563a6429a2e1028b682ee87b4fe4400 2,42833,42845 12 2,42833,42845
bsdiff 7593 188 8f8912a0eb002afe8819a98f004cf625aff311ea 89345ad63bd4ebee2e257cf0655163df33ec5360 2,53081,53116 35 2,53081,53116
bsdiff 7781 185 9f45fd91c17db411617866a2f2ec27bb4676e922 d0fe07cfdd5a963ecbafe3a131dc31e39fcfa5c1 2,51888,51892 4 2,51888,51892
bsdiff 7966 182 d365d1728a21fb99824683857b8b32e91939bf91 88b6c3b146155d6ec98f01664d2c0b19682dad88 2,62450,62453 3 2,62450,62453
bsdiff 8148 183 2ae157b2820305c792e58ffc7133d840b1b97e08 9d8c1d6e85cec1450447a1de4deb8befe28fd057 2,51892,51896 4 2,51892,51896
bsdiff 8331 184 7c4f38d8ff051e05c0fb29d2fb61727b121930cb cef5e75e69272b700cfb1ef18ed0bb9ffdaa61e6 2,52457,52464 7 2,52457,52464
bsdiff 8515 191 4df1e3e57569a45e94f3d0504122be4b29f7c715 504db1e97a246ed37c44813184a65c775be91dc4 2,42762,42782 20 2,42762,42782
bsdiff 8706 187 0866c83e6d7385cb9d90360332ac8b783fe7ceab a039bb3f1b2a568ed92289cdc4d28e452bae2467 2,57697,57703 6 2,57697,57703
bsdiff 8893 190 ffb1493c8eaff5e08c613d9a1a5a688b99fff63d 9d255d041fc531b97beb76d346b04b81f223daa4 2,54984,54989 5 2,54984,54989
bsdiff 9083 184 a7bd9c520af5d460682d84017a519e1ee86018a4 bf2472798d13e34b6bea37d26a07bbcf9df368d3 2,52382,52387 5 2,52382,52387
bsdiff 9267 189 2298ad9d893e3b71d70a3eb31b84b70c924c3505 19b0e2c1cd8e34c650ba76c9cb287df9a2a68ac6 2,52209,52275 66 2,52209,52275
bsdiff 9456 189 7044007a634fae32edcd3110835aa426c4096598 06a4ae31e1f1c9d822f1058c866f697350fc0160 2,42738,42742 4 2,42738,42742
bsdiff 9645 185 f6e440e1939622cb5a9d364240af588ad2881d32 23961d455e4cbf3fcfecbe5868a6a5e3333517b3 2,44564,44570 6 2,44564,44570
bsdiff 9830 184 7ccb441df29dc7c4373e4c3fb6d1c5095afcca5b 1f94a3aa8570d6d3803205447891068e4df0b377 2,52506,52513 7 2,52506,52513
bsdiff 10014 185 548b9b0023370361b41d9c00ca2c6d8344836650 0b7d10dbacd7b1d3de0d16beacce1194b370302e 2,51844,51858 14 2,51844,51858
bsdiff 10199 182 0a7cc5f2bd7d74b8f702e61176f0c9abcfc692fb 7fdeabafdbe6e574102b2818504a63493c96b6e4 2,42076,42082 6 2,42076,42082
bsdiff 10381 188 b2c42508f1d8844fb69b4193e0e15c00c603c447 58d26f73224e6cfb7695d54600bbef59b0ae1c85 2,42638,42658 20 2,42638,42658
bsdiff 10569 188 97a6daa15b769fc720ac0127da2b2e2efe18bafe f80fb7bea83d1efed18952d7c6492f067b15f5d8 2,54945,54950 5 2,54945,54950
bsdiff 10757 186 042fa83a61e8ae004a7e9602633f11e89548c057 5d34969d28a4ede3abdd584420750ac1f216d223 2,52513,52524 11 2,52513,52524
bsdiff 10943 187 dcb94a2b943f336bdeef8c2322af22342c3434d5 fdb4b127c36b8e02b3dc9bc0fd87f56276728f79 2,34387,34401 14 2,34387,34401
bsdiff 11130 189 b72bcf9c8b9fe14b4c9816d461168b935624208b 2499a81a4b59e603806302f24edea08527683cae 2,52912,52959 47 2,52912,52959
bsdiff 11319 189 a6ef8c3fb4865d8acfd13b2a315f4158c173748e 7d081e7c689b6cfc33aba6bf6991746699b9ae59 2,51538,51593 55 2,51538,51593
bsdiff 11508 188 23fcaa4ac5da1823df18e1adce60e579607ddf4a 7862156e0d107dd736f49ed3e7f1bc2d02c8ec90 2,61920,61924 4 2,61920,61924
bsdiff 11696 184 67adf9843d0edac81efe0b4869ceb5298f39e2e9 e990d5ab0ca2ea7e6ab4eaf475a9baaf9f09bac2 2,62358,62360 2 2,62358,62360
bsdiff 11880 191 f66bd15c2b2059997b4f089e2caea6386dce0bd5 60ec47729ab6eb148f3aefd374a264f8c228b73a 2,41441,41445 4 2,41441,41445
new 2,0,1
bsdiff 12071 188 ca2b99559b3c4d6a1f5185d26ab216d435138abc 935cea6c31ff31f34d5ef01fd9c421d7d5b69031 2,59871,59902 31 2,59871,59902
bsdiff 12259 186 8fa557e71ff4422bff1f1d79c138d2387ec93004 157f5e2caf2af71bb1b3bba18573643b4239eaa9 2,42534,42546 12 2,42534,42546
bsdiff 12445 180 d4b53bd4f5c8613fd01e03e3224fd7fbe14ed608 e220e6c1fd561584707bc6890935c1bbe9e15cdd 2,52464,52470 6 2,52464,52470
bsdiff 12625 188 7ee5f3473d7cb9829cefc977b658c54808b47b26 ded500529390b8699876769c1a1c7038706889f1 2,42558,42570 12 2,42558,42570
bsdiff 12813 190 02c371279b107c4f7d257ba011521c9e802a2290 f3a920e4cf20e6bdcdc81f334ba263f25b485a17 2,62441,62447 6 2,62441,62447
bsdiff 13003 189 33102671c6b7341b2d679378162a2d2da5505202 32df2deca04e3943301f3c97e7e3d5b98a6868c5 2,51446,51523 77 2,51446,51523
bsdiff 13192 189 d9cbb110c020eca2b93ae3b2cd92b3692b8ef355 da2c153dfff99ef2cc0b4b50e4d521424ca8631c 2,42594,42606 12 2,42594,42606
bsdiff 13381 188 121d4260bcd6374fa7600e0c95c9a0a9b0b65a9c 8dfdcd695d4d6aecf093f3397dff7aa498946f83 2,42582,42594 12 2,42582,42594
bsdiff 13569 182 e3dea5649c45095b8d1b212091429b19cf695c68 76dc54f11bf1723665b59813324a3aaf35cfbb0b 2,44575,44581 6 2,44575,44581
bsdiff 13751 179 23b5dfdebd230bc762c094c859c962e2ae3a5026 b471e242243ca08440cf02eee4cf769115287fa5 2,52418,52426 8 2,52418,52426
bsdiff 13930 187 5dc9d6b0bbb8d427be1844778599620e9aba8eff 93fd79785b7252fd5a5268221a6bbc3bf7d6149c 2,52434,52439 5 2,52434,52439
bsdiff 14117 186 fc0f8725f2f2213938698c6b9ec13ccb80d25671 745612a28f771b654acae05b44b33ea399f1ec2d 2,62260,62277 17 2,62260,62277
bsdiff 14303 184 6ef4309f2c87385b9b9fe9cd353768489e173299 22971afa85474f96e1707875fd6baa2ffbb303a9 2,52353,52358 5 2,52353,52358
bsdiff 14487 189 8bfa1b3ff411f72f30b53e5eac7afdb48412fbc8 5bb034f3468dbfeb04e343f70922a3fc6724ec43 2,43009,43019 10 2,43009,43019
bsdiff 14676 189 6409da56ed69c0b94c51d7ddbb0cc3f397e24063 fd970fac9ce2ed1b52e340bce1fa6032e9773505 2,42821,42833 12 2,42821,42833
bsdiff 14865 185 d7eb4eaca059e2eb7dec5dacd7ceddb148201603 895105a353dac2b16261cf26571bc1f798f95271 2,54933,54940 7 2,54933,54940
bsdiff 15050 187 0ffa73541bf1fbd814424dcff90e169e517748cd 80a00032529281da8962574d00581b52adb06bf2 2,52594,52720 126 2,52594,52720
bsdiff 15237 188 6515fcfa8f523b79bebecd675b92a2f0544b0684 5b82228807083249258a4b69bde40837e512dfc3 2,42038,42051 13 2,42038,42051
bsdiff 15425 185 0a5689dd06f413fc1ea342e8e1e2b2c4f0e5944f 5f941943c7857a5a2a49c99f57962e2be9a63b99 2,42742,42762 20 2,42742,42762
bsdiff 15610 192 fca6646f992cbace7f53f72a1b7c8309372ae7df e8e34229d8f547662a6a10eef2145502a6e42767 2,43860,44206 346 2,43860,44206
bsdiff 15802 186 4c3e6f054f4f370458d884fe2e60308cf111243d e8ed01efe5cb258e6fce2b4e1c876b652a1a27e3 2,34357,34363 6 2,34357,34363
bsdiff 15988 194 343f1dff2cdbad4724cace804e58e60a4dfa681b 2dcd9ebc65183d6c2b5859a8b49791def7589da9 2,52580,52594 14 2,52580,52594
bsdiff 16182 191 94c0a9f10b86150623eafafe801e4fbd3afb22d1 136e5d9ed4fcf6cc84ceb10537fd010b240c4d96 2,60519,61371 852 2,60519,61371
bsdiff 16373 185 92708adcd4a1a8b30a8ec32f36d2d18c83aa6f05 3ce2aae40008449a3b4856cc703d18b4de2cd945 2,51702,51706 4 2,51702,51706
bsdiff 16558 188 6490eca1d3e14a9ac9f2947270aea9f2d6166feb 48691b8459e7b262e0e81425ccacf201923d50dd 2,42989,43009 20 2,42989,43009
bsdiff 16746 188 d2a20a8e1e61e661049c9cffef79911ef499676f 647815063ea275f697621565e4d6a321600ee9be 2,42066,42071 5 2,42066,42071
bsdiff 16934 186 c837b4614b8b2d810b17c58a59356a0d41ef895e 700bcfcc8b8b32c8e9ecbf7c9143f7882a8bee4e 2,44581,44590 9 2,44581,44590
bsdiff 17120 188 3d2492223142d5b430bfe1f5379611706feeee3b 7b60b9da78a3beecc506bfc1dd85c8a89fdf04ef 2,55053,55062 9 2,55053,55062
bsdiff 17308 188 cc3423ff45298d55632a18c93b2f2bca426b2a0c a57f138e6b6a5587fe5f103add3d1d1347627216 2,34363,34367 4 2,34363,34367
bsdiff 17496 187 48d637a8e89624408d39a59c5208ffdd62418472 0837db9a1c27a92f6a6439caa62a37f4cc6d3d95 2,59902,59907 5 2,59902,59907
bsdiff 17683 188 bbc4aa6cf911de3f06320d793b3c4510b5ef37a2 9e606386bf5758dba0280e0f9c9d3f8717689d82 2,51355,51369 14 2,51355,51369
bsdiff 17871 187 06cb0ea1887f463a7f252b361fee746d44ff8ced 2e2900ac3a0aad3f994619c661f00455aac72814 2,51896,51902 6 2,51896,51902
bsdiff 18058 188 90e22fabb4855db4b719b477eacbcbfa742ae609 d423e5a578e36692a26e5e1c93176664ec0c1ed2 2,52410,52418 8 2,52410,52418
bsdiff 18246 173 64a90447002235f5f0cf40954a77909669fb0943 c94c88684c740ffee5f95b950650ead8bc2627ca 2,59834,59836 2 2,59834,59836
bsdiff 18419 181 91c65cce3e1e7963f16a01827d5a8ef8b4a8df98 c671202d0bb24ca7d40078397e74c995f40d73c1 2,62171,62243 72 2,62171,62243
bsdiff 18600 185 da0b736121208c44420c9bdf7b723e794ccdefc7 c6f3abe316930976f5436b405ab899c42cd15f30 2,44607,44612 5 2,44607,44612
bsdiff 18785 187 5b4cfc5bb88434829eb2e2e76f360e761d5d69bd 261edb6fb1978fa8c8b8baed592486d35f6fe08f 2,51369,51406 37 2,51369,51406
bsdiff 18972 182 663c19cd1126f200244d52783b3911e9c6eae91d 926bbf941f5c261831738ef020a8767a329fab4d 2,62495,62498 3 2,62495,62498
bsdiff 19154 189 9b73fad2a564f73686f426bb65456ef9aaf28e8d dd4af30db95884a3194ed11acddf69d36b479d7f 2,42782,42797 15 2,42782,42797
bsdiff 19343 185 79b5008db067eb7d78da0cd7ba5d4a052786ff5f e2137f17057ec613346d2eaff6c18ba63eaae575 2,44570,44575 5 2,44570,44575
bsdiff 19528 7580 b4be3a33288896913a0568572b29767be91ac4eb 8981d8611af33202e5865af6374b66b8f7f19f1d 48,1,16,17,49,32768,32770,32785,32786,33279,33280,34303,34308,34311,34312,34354,34357,34469,34470,34474,34475,38422,38425,38453,38454,39845,39846,55062,55063,55419,55421,55540,55542,57663,57664,62526,62527,62540,62541,62799,62803,62868,62869,62959,62960,62979,62980,62987,63417 512 48,1,16,17,49,32768,32770,32785,32786,33279,33280,34303,34308,34311,34312,34354,34357,34469,34470,34474,34475,38422,38425,38453,38454,39845,39846,55062,55063,55419,55421,55540,55542,57663,57664,62526,62527,62540,62541,62799,62803,62868,62869,62959,62960,62979,62980,62987,63417
bsdiff 27108 193 774881c1aa53bb71ec626e8f527369ee9966f668 453377487986a64d3c769b063908b9a10e3899ec 2,42606,42618 12 2,42606,42618
bsdiff 27301 185 b7eb6833d90ed27607821dc349d6a4dc69aefcd1 a096f786358e02c87efd156ec8e73b1f6caa0908 2,52720,52745 25 2,52720,52745
bsdiff 27486 217 94bda16c2595e9a1e450aadae9cc6f039d7b19ad 9e27210c5a86419c4cf0b23d73eaa5db3e2429b4 2,34468,34469 1 2,34468,34469
bsdiff 27703 189 62d5cc5b200bd2bdd6d251bfc12fbc4e03d82d76 54d59c9357f977b1b8f8d30cf536bc24767ffb86 2,61473,61478 5 2,61473,61478
bsdiff 27892 182 410bc48548d02c311df59c3f3a3a3ce7b2a5cb89 4a626af326623f999dc560ac7b20f2fdb22794c9 2,51593,51599 6 2,51593,51599
bsdiff 28074 192 a99d4e8cb9443f2f0e85e12015dab432c2fa320a 4abbc706f7cf5a2596669628fc2ca2fa70d4550e 2,42718,42738 20 2,42718,42738
bsdiff 28266 186 e4aaba05d854cce9bf80fa2ed82f9ef9b96f0453 eb8960788da06af6e814a180dbbcb11c7f29543a 2,54842,54846 4 2,54842,54846
bsdiff 28452 182 548dc669e05cec280aba1c58878d1c131ceffb83 318cb544f9c818172004058836cf3af0244a2818 2,52332,52340 8 2,52332,52340
bsdiff 28634 187 6ce1d467367b553bee459361c30b6ed05ce6538d 6f8d92bc9212b2782a45408a748a86f77e3fea38 2,43856,43860 4 2,43856,43860
bsdiff 28821 186 4845d10e8b2f009b28f3d8f93f78216892a5a2a6 d63a4a68e1d86d56ae17dca8a49d138624190bdb 2,52296,52302 6 2,52296,52302
bsdiff 29007 186 bde502e2bb565b69aa441acac648607318cf8402 fa7b857c0b5f452753984467564c765d8e93cc8a 2,61478,61482 4 2,61478,61482
bsdiff 29193 185 b16b4431cc88f545b548f7a0a21665deebd6c540 7852a0f92c39922470b9e71262ad88082ae046d1 2,52404,52410 6 2,52404,52410
bsdiff 29378 184 bc1287bbcf751ec01209e0a8518af1eb05231eb3 928636e0327b78075c54b5c0c403c6229a4d0a8d 2,54940,54945 5 2,54940,54945
bsdiff 29562 185 12fa035c0184fcde47831e84556a89e436b9128f c9e8161a14268e4cc2e751db185ef40af6865700 2,42055,42061 6 2,42055,42061
bsdiff 29747 190 23c28c0ba08f90203e1f30c1a3eb249c92bd37e4 6cf5e9a809184c5861343999e4cf3ed9a224846c 2,51599,51611 12 2,51599,51611
bsdiff 29937 189 7cec04740ecb9a5db4353c3dd0eda1e851bdccf1 42d9af30cd70adb981430bc188e6756b0b4ec96d 2,42546,42558 12 2,42546,42558
bsdiff 30126 193 12fd1fbb93af186d6c8353a38b49ce7b409e324d 77a3aabe59d02a9e50a4a04f32786fa9c4fbcd62 2,53120,54842 1722 2,53120,54842
bsdiff 30319 186 f120755a9a9c36c2046afaa7f42c763e9bfb7d1d dc79b0abfec5ff5e7b800aa5daeb9fc5e71fa575 2,42522,42534 12 2,42522,42534
bsdiff 30505 188 e024e3d3cc5c4c98cb75aff4ca6a04a6aa58238e ec0df23f9246df8e8bf7e312178f26ac1bae803f 2,51902,51907 5 2,51902,51907
bsdiff 30693 182 87b8c1ceb49a631384d6d3d7fd347b875024004a f7e0e8703b8c28d38150144b5bd32c402e054c30 2,52320,52326 6 2,52320,52326
bsdiff 30875 185 60f2090fd583e5ecb0f2c0ef9721f0991cd3101a 88ca4342ee42ec3eb34f1fb057428dd9a7ca8215 2,52470,52480 10 2,52470,52480
bsdiff 31060 186 e3a35afdcebe9f3bb97f5cbbce6efc5c9e00c7e5 42c21efdc8785e9e9e79e54bc455ab671fc8acc2 2,39871,39884 13 2,39871,39884
bsdiff 31246 9264 50c19a5c26af990ddae1832d7708191f43c65722 f41fe17fc40270cdd57f31571b83bf5caa3ff717 2,63417,63485 68 2,63417,63485
bsdiff 40510 185 6f181ab3e9c99ba69fa12ead275233971ebeb40e bfb85e4cb8cca3cd3e5339fbf75d20fc16df2c8e 2,61455,61473 18 2,61455,61473
bsdiff 40695 183 ee19a16126f037fc16ae1bf9a499c0c529792f73 3680fa4c9ef5be0a5035a2106b283bf14344f53d 2,61503,61507 4 2,61503,61507
bsdiff 40878 187 e91bec7483dc2b2046378bb260821d4a96afb83a 6dfe96656146de8b0114ee77ba026a96e9e6a2fd 2,52869,52875 6 2,52869,52875
bsdiff 41065 185 60ad0fc9686765da4cfa75b4dc04f659993b6011 c6d995feb61359f5aac63794e84d69aa23b33e9a 2,44598,44607 9 2,44598,44607
bsdiff 41250 185 7e13af0960c1fe50421e25e932de772808ab6755 d09d73e0f233b96fe7e788a95e5e2249bb276beb 2,59819,59834 15 2,59819,59834
bsdiff 41435 189 a8d31a8f743217bde5fd215f511089a209f3dc35 49c4d213e15857349ddaba91114645cb5b4e53f3 2,44549,44564 15 2,44549,44564
bsdiff 41624 186 6b436bc057a206d6be8c9f07040701838fbdfae6 8ec5363b698c66abee9d5b709cef32e4613d5849 2,42510,42522 12 2,42510,42522
bsdiff 41810 188 3ec8441ef688c22cf5879e86e1c1f0f39bae3d66 e3053dd049f182d1c286a2c734f274ee2b20f083 2,52275,52282 7 2,52275,52282
bsdiff 41998 185 5f1f8ca935b100266713ea1bf1c3e308e7d46ef3 ed38ece8f91c0a17303c404dd1ed9e8195630de1 2,57664,57669 5 2,57664,57669
bsdiff 42183 188 0f5dacf4bb8b15296525df478ba2e051a3602b1d 878077dcd28c1198098aee369d4172c784c47d36 2,62114,62119 5 2,62114,62119
bsdiff 42371 184 b32f88ff6e667cc263f3a22c40161cbc5e531487 26ae03f39a3fbdea0f972e286cab0f9ff4aa1142 2,62279,62287 8 2,62279,62287
bsdiff 42555 185 aa2e3ba65ca911a056da3564817c36e0ceb31ff0 036b4724defad4d1d9f2cdb04f901c917264041d 2,42885,42889 4 2,42885,42889
bsdiff 42740 185 be488f283bc5db83dbdacd81e6287daf9c03a8fb 56267493f15c7ef776bf12612e764efe5d97e735 2,42678,42698 20 2,42678,42698
bsdiff 42925 181 e800f3cbd00b0bc9c0569eefc48b2667184ec9a9 65efabd9f6ff5c928314f2ec6be43b376f0cbed2 2,52358,52363 5 2,52358,52363
bsdiff 43106 189 7fb1674f779cf496d43f65ec947a69bbf7d9d493 31bf1d6991465c2d8505a986b5b714f6857aabf4 2,42865,42885 20 2,42865,42885
bsdiff 43295 185 8948069ae9261e53116eb305f7ff3204c0ce5d48 e70160be3191133ff94344a7f0634ddbd4e089c1 2,52308,52314 6 2,52308,52314
bsdiff 43480 183 a837a7ab04f629c36a1f40a778e7fac386a7a2b6 9cb2ed1b0112cbf945cb57f0e2fb0317e67be10d 2,44590,44598 8 2,44590,44598
bsdiff 43663 182 d0728e65ce60d9ae77a95f40d5d8bbcd58b3e0ec 918dd39f118b0d375d2cb2f3403d3d4adadeec7c 2,52374,52382 8 2,52374,52382
bsdiff 43845 186 6e6e3bec4c12f4e343212f78ed2b7a01cdaa3aa4 0772bfe16a378b5aacde3eb8ed33d809533f3808 2,62292,62340 48 2,62292,62340
bsdiff 44031 186 35373893fe092e187a84c03ffe475eb817557a76 171752cd148b711775810e789c1059ac855c6b1a 2,52387,52392 5 2,52387,52392
bsdiff 44217 197 d0e0b3d23789d244011246d866b780d8045a076e 0e694b0cb8f2d3a403a25945e2b5d9f7d4d749a1 2,12688,15013 2325 2,12688,15013
bsdiff 44414 189 dbbf761cbb2b6b983c5bcead8ba584bc3fa36d87 af32dc4f83658d0ffb3ed9a3083aea5dda2af971 2,52975,52989 14 2,52975,52989
bsdiff 44603 183 141ebb3a372fb717b9a884faf22211fde42365e1 310455d94ce99743e966822f9c298bda17d67113 2,54920,54924 4 2,54920,54924
bsdiff 44786 180 ee9a83fae2db2c862d9630cbc27061908ae80ee6 4c0d2ed2f33a2d38ef6c6aeaf6a92d123efa5332 2,52347,52353 6 2,52347,52353
bsdiff 44966 183 5497d5a34f511ab7f2b459fa319bd4c7bb30ff9c 9566e2f3ec52f37c35b7958798035f7bc5777d3e 2,52959,52969 10 2,52959,52969
bsdiff 45149 30615 fd008b8c08221501a3e7231122c469cea55a0d3a 9e43eb4f982c09cb7837f9a8003de0bc335a77f1 2,55073,55419 346 2,55073,55419
bsdiff 75764 192 45e6ef4f718c93f01d303de5bd83029563053f19 0eaf79ac9272a1c4533687ca74e7b781a5b2d33a 2,42495,42510 15 2,42495,42510
bsdiff 75956 188 821342541933decd5e6229829fe0fc38771668c0 841230e60d03949f403b334af2d803911e750ae7 2,42618,42638 20 2,42618,42638
bsdiff 76144 187 887b5914e3b7a567bcc8c1554752a3afe1381352 6c939738289a50204f87d2f8825db95bb0c7f435 2,42845,42865 20 2,42845,42865
bsdiff 76331 184 b4c9ad8f2e646ab3b02ec6fd2118690254661b24 89d94eecb4b2df1ba52552aefc7fc3181c1a6a46 2,52447,52457 10 2,52447,52457
bsdiff 76515 182 677d1b6aaa1a9bf8b2308ea19853cf40dcd2d6e1 b60e5bd1aed938eba3bb931b4c901bcbb9a29f73 2,51862,51867 5 2,51862,51867
bsdiff 76697 189 535bdd8d274287bf5aeb94bcf14e499b77ea5e4b d49775dbf468424faf502711cd81db2b2cd0e540 2,61482,61488 6 2,61482,61488
bsdiff 76886 189 6f3b5666ee265cb32403edcb8fea63a2c77f8a9c ce3933c34459bf65e352081a0d940a11b4460bca 2,52496,52506 10 2,52496,52506
bsdiff 77075 191 23654a39f2ee4a7fceddb9810b3eb1d4d1f3b216 afd5db950e33ca69b322eea625f40f70dbacf81b 2,60372,60400 28 2,60372,60400
bsdiff 77266 183 586659fff1c6747038e66b112a36095b9d14eb13 52d7486f68c2affd38bb5b6cffabac56790a0977 2,51706,51762 56 2,51706,51762
bsdiff 77449 185 59aff54280b14c3d9f667de8b99f40ddef1aead0 24115cf48f7fb95871d29d5d4e641723d52f70b5 2,59909,59912 3 2,59909,59912
bsdiff 77634 184 5eb2906782accb9fe3dbb01320db73aaa6c54228 2d74cc5f4e4141b4ceee71846d434e21fef3c90b 2,52524,52530 6 2,52524,52530
bsdiff 77818 185 50b76d985b104126c56435e19f63f0a8860c2695 4dabe9066e43407e2274ee012595a56246faafb1 2,39884,39892 8 2,39884,39892
bsdiff 78003 190 355c4f1a012d401c3cf16135f468a037722e90ab ebec0734c9d94a5c4e36df03b5b26b66bd8a7653 2,52812,52839 27 2,52812,52839
bsdiff 78193 186 6f3c4ac0361ff9b9950075ebdb61b259bfacc645 9e28b8c67a86f3a436fdc6db08b9809ad98a4c26 2,62255,62260 5 2,62255,62260
bsdiff 78379 185 db1a409a65784b8ae99ddd3441f0d3b59eeff06a 13a05890299f303659ff182ce19d808f696b6c3b 2,39846,39852 6 2,39846,39852
bsdiff 78564 180 f68514164787b71b1b7f14f66758cd63ebf196bb 4035b2127cfb0ee8a099f97363790ae86bf9597e 2,39865,39871 6 2,39865,39871
bsdiff 78744 186 7928a3463ea855e4e41a468f842eb04923d789dd 720e941796e0e56ece7fecfbdaca120bc3622aa7 2,55035,55053 18 2,55035,55053
bsdiff 78930 188 dac0979e9c6d9bee4c6e8a214e74e750d459aad5 1cbeb9579bbe7a587b5424e1407b1df22d8871d3 2,42570,42582 12 2,42570,42582
bsdiff 79118 189 52c9923275acdd7f08a69b7f6c7e93927667e1fa dc629f34e7f96a90b428abdb7431851176afce56 2,51858,51862 4 2,51858,51862
bsdiff 79307 183 69a542e25465da60d4994633cdeee73cdb4252d3 9066aca7a4f9734b9f1d6560b661f194150c4510 2,59836,59842 6 2,59836,59842
bsdiff 79490 186 483af8eabc389cdb1a02dbdde4098d63021616aa bd99f108b9b1f3e36f7d191ca5c9286222091ca2 2,52392,52398 6 2,52392,52398
bsdiff 79676 186 5dc18bddbd50cf0d3ec7432e156c1591d5ca8b55 cf0ec373bb33089ce29f223ce3b4dc37c05837e4 2,59842,59846 4 2,59842,59846
bsdiff 79862 188 aa43df848e3fdf0602fdbafe25aa7b823978b449 5b1331386b009b4ee52229fe110fb9f13e984ecb 2,42117,42139 22 2,42117,42139
bsdiff 80050 187 0c9964d88327d718b5411e81b7f8cc3e2d635d36 4bc18941f636aed3e57f6d26520b19e426f58fa2 2,52326,52332 6 2,52326,52332
bsdiff 80237 186 d8d428735a77420ecf2e26bc3bbb248062be2883 d1cc5e977eead2f99fa185e84d1f7abdf125a007 2,54929,54933 4 2,54929,54933
bsdiff 80423 189 cf52589679f4e44fabbb1c981d51b278ed8b9997 4b92dab43a3a97efc2260fb300c352bf799ce7db 2,51411,51446 35 2,51411,51446
bsdiff 80612 179 85fb1591c3b13420ec753f2bdd7075761dd9120f 1e29373b1621931652e0c0593195ed053b6749a3 2,52989,52991 2 2,52989,52991
bsdiff 80791 183 0bb8a16872bafdd227ac112bd21d80256c0acfdb 874b373fd90d9e28d3e27c76a34d8f76dce8162f 2,62434,62436 2 2,62434,62436
bsdiff 80974 186 aed5afd16bcafb2d033d6367b7a0188540a62055 f81e10d522127c280e876e39f0796479f92bfe0f 2,62340,62343 3 2,62340,62343
bsdiff 81160 187 f0b704e910215757e271a2f4fc277bf6ab89d479 bc96d81938891f3dade53dec67ed82ec3a91bacf 2,52530,52536 6 2,52530,52536
bsdiff 81347 183 068566e3a2d0121cbfcd96cd7ed7c3dc627cb724 5092b7bf11bf5cf45e2d3b124073b723bbd0b724 2,59816,59819 3 2,59816,59819
bsdiff 81530 183 08d5b87c18cef44b24029ba3f7fb05e1b2afe866 c33d07f9e32e40cd444fde7459f75208767aa327 2,62099,62114 15 2,62099,62114
bsdiff 81713 182 9f726fe24ad532f9883163db5270df1e17dbc98a 292f7cecff2eb16e78c41ff70be3f5c48c656570 2,52782,52798 16 2,52782,52798
bsdiff 81895 182 0116462936701caab104a15790f5add099d2229c 02d4d2552f74e7cdf9ba5b9596d96ad30a3adf5c 2,52991,52999 8 2,52991,52999
bsdiff 82077 185 584840b9c54da9ff17ed012fe7498999c4003641 70e5709d2b74c403902c50b48a807e9b0409a0cc 2,62517,62526 9 2,62517,62526
bsdiff 82262 187 7572e75fb232ccac71bfa3fbd08564c0bb80e8d1 e442c598f57ac2cd8a8cb5b950c8b7c8d9d802c8 2,53031,53049 18 2,53031,53049
bsdiff 82449 183 5ca22e9a8a5940f38ce11a690426b39e3325a7f4 915a6e94f916916d391c18335751b8ba6790f476 2,42139,42145 6 2,42139,42145
bsdiff 82632 188 d8a54d05fec966c26f9a2c0513c36d13851187f4 8847797c3b35b219d0d1727119b12be4fa657de8 2,42658,42678 20 2,42658,42678
bsdiff 82820 187 483f5b367669f0558e1ff3e401fba8a27a8ea5cc 84a09e4c01a8e497722180deea104df554ff9ae5 2,52289,52296 7 2,52289,52296
zero 10,17482,17994,32256,32768,32770,32785,32787,33279,62960,62979
erase 2,17994,32256
